X1 = 0.000000
X2 = 10.000000
N  = 21
delta = 0.500000

   i        x               f(x)
----------------------------------------
   1       0.000000   640000.000000
   2       0.500000   706439.257812
   3       1.000000   777922.250000
   4       1.500000   854699.148438
   5       2.000000   937028.000000
   6       2.500000   1025175.664062
   7       3.000000   1119418.750000
   8       3.500000   1220044.554688
   9       4.000000   1327352.000000
  10       4.500000   1441652.570312
  11       5.000000   1563271.250000
  12       5.500000   1692547.460938
  13       6.000000   1829836.000000
  14       6.500000   1975507.976562
  15       7.000000   2129951.750000
  16       7.500000   2293573.867188
  17       8.000000   2466800.000000
  18       8.500000   2650075.882812
  19       9.000000   2843868.250000
  20       9.500000   3048665.773438
  21      10.000000   3264980.000000

RI-p51
Ivan Kucherov
